4294967294,5
4294967278,132
4294967278,131
4294967278,130
4294967278,129
4294967278,128
4294967278,127
4294967278,126
4294967278,125
4294967278,124
4294967278,123
4294967278,122
4294967278,121
4294967278,120
4294967278,119
4294967278,118
4294967278,117
4294967278,116
4294967278,115
4294967278,114
4294967278,113
4294967278,112
4294967278,111
4294967278,110
4294967278,109
4294967278,108
4294967278,107
4294967278,106
4294967278,105
4294967278,104
4294967278,103
4294967278,102
4294967278,101
4294967278,100
4294967278,99
4294967278,98
4294967278,97
4294967278,96
4294967278,95
4294967278,94
4294967278,93
4294967278,92
4294967278,91
4294967278,90
4294967278,89
4294967278,87
4294967278,86
4294967278,85
4294967278,84
4294967278,83
4294967278,82
4294967278,81
4294967278,80
4294967278,79
4294967278,78
4294967278,77
4294967278,76
4294967278,75
4294967278,74
4294967278,73
4294967278,72
4294967278,71
4294967278,70
4294967278,69
4294967278,68
4294967278,67
4294967278,66
4294967278,65
4294967278,64
4294967278,63
4294967278,62
4294967278,61
4294967278,60
4294967278,59
4294967278,58
4294967278,57
4294967278,56
4294967278,55
4294967278,54
4294967278,53
4294967278,52
4294967278,51
4294967278,50
4294967278,49
4294967278,48
4294967278,47
4294967278,46
4294967278,45
4294967278,44
4294967278,43
4294967278,42
4294967278,41
4294967278,40
4294967278,39
4294967278,38
4294967278,37
4294967278,36
4294967278,35
4294967278,34
4294967278,33
4294967278,32
4294967278,31
4294967278,30
4294967278,29
4294967278,28
4294967278,27
4294967278,26
4294967278,25
4294967278,24
4294967278,23
4294967278,22
4294967278,21
4294967278,273
4294967278,19
4294967278,18
4294967278,17
4294967278,16
4294967278,15
4294967278,14
4294967278,13
4294967278,12
4294967278,11
4294967278,10
4294967278,9
4294967278,8
4294967278,7
4294967278,6
4294967278,5
4294967278,4
4294967279,132
4294967279,131
4294967279,130
4294967279,129
4294967279,128
4294967279,127
4294967279,126
4294967279,125
4294967279,124
4294967279,123
4294967279,122
4294967279,121
4294967279,120
4294967279,119
4294967279,118
4294967279,117
4294967279,116
4294967279,115
4294967279,114
4294967279,113
4294967279,112
4294967279,111
4294967279,21
4294967279,19
4294967279,18
4294967279,17
4294967279,16
4294967279,15
4294967279,14
4294967279,13
4294967279,12
4294967279,11
4294967279,10
4294967279,9
4294967279,8
4294967279,7
4294967279,6
4294967279,5
4294967279,4
4294967278,134
4294967294,68
4294967279,22
4294967294,1416
4294967294,89
4294967279,133
4294967279,134
4294967278,133
4294967294,445
4294967294,103
4294967294,66
4294967294,388
4294967294,166
4294967294,168
4294967294,161
4294967294,165
4294967294,24
4294967294,113
4294967294,17
4294967294,42
4294967294,67
4294967294,99
4294967294,76
4294967294,36
4294967294,39
4294967294,41
4294967294,115
4294967294,43
4294967294,387
4294967294,51
4294967294,52
4294967294,112
4294967294,167
4294967294,162
4294967294,92
4294967294,35
4294967294,442
4294967294,519
4294967294,443
4294967294,427
4294967294,428
4294967294,158
4294967294,157
4294967294,430
4294967294,536
4294967294,423
4294967278,284
4294967278,260
4294967278,0
4294967278,20
4294967294,426
4294967294,432
4294967279,20
4294967279,551
4294967294,1394
4294967294,1415
4294967294,1393
4294967279,550
4294967294,1392
4294967279,549
4294967294,1391
4294967279,548
4294967294,1390
4294967294,1389
4294967279,547
4294967294,1388
4294967279,546
4294967294,1387
4294967279,545
4294967294,1414
4294967294,1386
4294967294,1413
4294967294,1385
4294967279,544
4294967294,1412
4294967294,1384
4294967279,543
4294967294,1383
4294967279,542
4294967294,1382
4294967294,1381
4294967279,541
4294967294,1380
4294967279,540
4294967294,1379
4294967279,539
4294967294,1378
4294967294,1377
4294967279,538
4294967294,1376
4294967279,537
4294967294,1375
4294967294,1411
4294967294,1374
4294967279,536
4294967294,1373
4294967279,535
4294967294,1372
4294967279,534
4294967294,1371
4294967294,1370
4294967279,533
4294967294,1369
4294967279,532
4294967294,1368
4294967294,1367
4294967279,531
4294967294,1366
4294967279,530
4294967294,1365
4294967294,1364
4294967279,529
4294967294,1410
4294967294,1363
4294967279,528
4294967294,1362
4294967279,527
4294967294,1361
4294967294,1409
4294967294,1360
4294967279,526
4294967294,1359
4294967279,525
4294967294,1358
4294967294,1357
4294967279,524
4294967294,1356
4294967279,523
4294967294,1355
4294967279,522
4294967294,1354
4294967294,1353
4294967279,521
4294967294,1352
4294967279,520
4294967294,1351
4294967294,0
4294967294,1408
4294967294,1350
4294967279,519
4294967294,1349
4294967279,518
4294967294,1348
4294967279,517
4294967294,1347
4294967294,1346
4294967279,516
4294967294,1345
4294967279,515
4294967294,1344
4294967279,514
4294967294,1343
4294967279,513
4294967294,1342
4294967294,1341
4294967279,512
4294967294,1340
4294967279,511
4294967294,1339
4294967279,510
4294967294,1338
4294967294,1337
4294967279,509
4294967294,1336
4294967294,516
4294967279,508
4294967294,1335
4294967279,507
4294967294,1334
4294967294,1333
4294967279,506
4294967294,1332
4294967279,505
4294967294,1043
4294967294,1331
4294967294,1330
4294967279,504
4294967294,1329
4294967279,503
4294967294,1328
4294967279,502
4294967279,275
4294967294,1327
4294967294,1326
4294967279,501
4294967294,1325
4294967279,500
4294967294,1324
4294967294,1323
4294967279,499
4294967294,1322
4294967294,1151
4294967279,498
4294967294,1321
4294967294,1320
4294967279,497
4294967294,1319
4294967279,496
4294967294,1150
4294967294,1318
4294967279,495
4294967294,1317
4294967294,1316
4294967279,494
4294967294,1315
4294967279,493
4294967294,1314
4294967294,1313
4294967279,492
4294967294,1312
4294967279,491
4294967294,1311
4294967279,490
4294967294,1310
