4294967294,5
4294967278,121
4294967278,120
4294967278,119
4294967278,118
4294967278,117
4294967278,116
4294967278,115
4294967278,114
4294967278,113
4294967278,112
4294967278,111
4294967278,110
4294967278,109
4294967278,108
4294967278,107
4294967278,106
4294967278,105
4294967278,104
4294967278,103
4294967278,102
4294967278,101
4294967278,100
4294967278,99
4294967278,98
4294967278,97
4294967278,96
4294967278,95
4294967278,94
4294967278,93
4294967278,92
4294967278,91
4294967278,90
4294967278,89
4294967278,87
4294967278,86
4294967278,85
4294967278,84
4294967278,83
4294967278,82
4294967278,81
4294967278,80
4294967278,79
4294967278,78
4294967278,77
4294967278,76
4294967278,75
4294967278,74
4294967278,73
4294967278,72
4294967278,71
4294967278,70
4294967278,69
4294967278,68
4294967278,67
4294967278,66
4294967278,65
4294967278,64
4294967278,63
4294967278,62
4294967278,61
4294967278,60
4294967278,59
4294967278,58
4294967278,57
4294967278,56
4294967278,55
4294967278,54
4294967278,53
4294967278,52
4294967278,51
4294967278,50
4294967278,49
4294967278,48
4294967278,47
4294967278,46
4294967278,45
4294967278,44
4294967278,43
4294967278,42
4294967278,41
4294967278,40
4294967278,39
4294967278,174
4294967279,19
4294967279,18
4294967279,16
4294967279,13
4294967279,12
4294967279,9
4294967279,6
4294967279,5
4294967279,4
4294967294,427
4294967294,428
4294967279,276
4294967279,11
4294967294,35
4294967279,10
4294967279,259
4294967294,430
4294967294,440
4294967294,518
4294967294,441
4294967294,425
4294967294,535
4294967278,281
4294967294,424
4294967294,69
4294967279,258
4294967294,68
4294967294,104
4294967294,1035
4294967294,1033
4294967294,89
4294967294,0
4294967279,257
4294967279,275
4294967279,8
4294967278,280
4294967278,260
4294967294,66
4294967294,168
4294967294,165
4294967294,24
4294967294,25
4294967294,17
4294967294,42
4294967294,67
4294967294,99
4294967294,39
4294967294,386
4294967294,52
4294967294,167
4294967294,26
4294967294,162
4294967294,92
4294967279,274
4294967279,260
4294967279,7
4294967294,1047
4294967294,1076
4294967294,414
4294967294,420
4243767290,0
4294967294,83
4294967294,1079
4294967294,469
4294967294,1078
4294967294,1031
4294967294,1077
4294967294,1030
4294967278,279
4243767290,4
4294967294,468
4294967294,1075
4243767290,3
4243767290,2
4294967294,467
4294967278,278
4294967279,273
4294967293,131
4294967293,130
4294967293,129
4294967293,128
4294967293,127
4294967293,126
4294967293,125
4294967293,124
4294967293,123
4294967293,122
4294967293,121
4294967293,120
4294967293,119
4294967293,118
4294967293,117
4294967293,116
4294967293,115
4294967293,114
4294967293,113
4294967293,112
4294967293,111
4294967293,110
4294967293,109
4294967293,108
4294967293,107
4294967293,106
4294967293,105
4294967293,104
4294967293,103
4294967293,102
4294967293,101
4294967293,100
4294967293,99
4294967293,98
4294967293,97
4294967293,96
4294967293,95
4294967293,94
4294967293,93
4294967293,92
4294967293,91
4294967293,90
4294967293,89
4294967293,88
4294967293,87
4294967293,86
4294967293,85
4294967293,84
4294967293,83
4294967293,82
4294967293,81
4294967293,80
4294967293,79
4294967293,78
4294967293,77
4294967293,76
4294967293,75
4294967293,74
4294967293,73
4294967293,72
4294967293,71
4294967293,70
4294967293,69
4294967293,68
4294967293,67
4294967293,66
4294967293,65
4294967293,64
4294967293,63
4294967293,62
4294967293,61
4294967293,60
4294967293,59
4294967293,58
4294967293,57
4294967293,56
4294967293,55
4294967293,54
4294967293,53
4294967293,52
4294967293,51
4294967293,50
4294967293,49
4294967293,48
4294967293,47
4294967293,46
4294967293,45
4294967293,44
4294967293,43
4294967293,42
4294967293,41
4294967293,40
4294967293,39
4294967293,38
